
<!DOCTYPE html>
<html lang="en">
<head>
    <meta charset="UTF-8">
    <meta name="viewport" content="width=device-width, initial-scale=1.0">
    <title>Battleship Game Progression - DataGenetics Strategy</title>
    <style>
        body {
            font-family: Arial, sans-serif;
            background-color: #f5f5f5;
            padding: 20px;
            margin: 0;
        }

        .container {
            max-width: 1400px;
            margin: 0 auto;
            background-color: white;
            padding: 20px;
            border-radius: 10px;
            box-shadow: 0 2px 10px rgba(0,0,0,0.1);
        }

        h1 {
            color: #2c3e50;
            text-align: center;
        }

        .controls {
            text-align: center;
            margin: 20px 0;
            padding: 15px;
            background-color: #ecf0f1;
            border-radius: 5px;
        }

        .controls button {
            margin: 0 5px;
            padding: 10px 20px;
            font-size: 16px;
            cursor: pointer;
            background-color: #3498db;
            color: white;
            border: none;
            border-radius: 5px;
            transition: background-color 0.3s;
        }

        .controls button:hover {
            background-color: #2980b9;
        }

        .controls button:disabled {
            background-color: #95a5a6;
            cursor: not-allowed;
        }

        .info-panel {
            margin: 15px 0;
            padding: 15px;
            background-color: #e8f4f8;
            border-left: 4px solid #3498db;
            border-radius: 5px;
        }

        .boards-container {
            display: flex;
            justify-content: space-around;
            flex-wrap: wrap;
            gap: 20px;
            margin: 20px 0;
        }

        .board-wrapper {
            flex: 1;
            min-width: 400px;
        }

        .board-wrapper h2 {
            color: #2c3e50;
            text-align: center;
        }

        table {
            border-collapse: collapse;
            border: 2px solid #2c3e50;
            margin: 0 auto;
        }

        td, th {
            border: 1px solid #2c3e50;
            width: 35px;
            height: 35px;
            text-align: center;
            font-size: 12px;
        }

        th {
            background-color: #ecf0f1;
            padding: 8px;
        }

        .legend {
            margin-top: 20px;
            padding: 15px;
            background-color: #ecf0f1;
            border-radius: 5px;
            text-align: center;
        }

        .color-sample {
            display: inline-block;
            width: 15px;
            height: 15px;
            border: 1px solid black;
            margin: 0 3px;
        }

        .slider-container {
            margin: 15px 0;
        }

        #moveSlider {
            width: 80%;
            margin: 10px auto;
        }

        .speed-control {
            margin: 10px 0;
        }
    </style>
</head>
<body>
    <div class="container">
        <h1>🎯 Battleship Game Progression</h1>
        <h3 style="text-align: center; color: #7f8c8d;">DataGenetics Probability Density Strategy</h3>

        <div class="info-panel">
            <strong>Game Statistics:</strong><br>
            Move: <span id="currentMove">0</span> / 47 &nbsp;|&nbsp;
            Ships Remaining: <span id="shipsRemaining">5</span> / 5 &nbsp;|&nbsp;
            Last Result: <span id="lastResult">-</span>
        </div>

        <div class="controls">
            <button id="firstBtn" onclick="goToFirst()">⏮ First</button>
            <button id="prevBtn" onclick="previousMove()">◀ Previous</button>
            <button id="playBtn" onclick="togglePlay()">▶ Play</button>
            <button id="nextBtn" onclick="nextMove()">Next ▶</button>
            <button id="lastBtn" onclick="goToLast()">Last ⏭</button>
        </div>

        <div class="slider-container">
            <input type="range" id="moveSlider" min="0" max="47" value="0" oninput="sliderChanged(this.value)">
        </div>

        <div class="speed-control">
            <label for="speedSlider">Animation Speed:</label>
            <input type="range" id="speedSlider" min="100" max="2000" value="1000" step="100">
            <span id="speedLabel">1.0s</span>
        </div>

        <div class="boards-container">
            <div class="board-wrapper">
                <h2>Attack Board</h2>
                <table id="attackBoard"></table>
            </div>
            <div class="board-wrapper">
                <h2>Probability Density</h2>
                <table id="probabilityBoard"></table>
            </div>
        </div>

        <div class="legend">
            <div style="margin: 10px 0;">
                <strong>Attack Board:</strong>
                <span class="color-sample" style="background-color: #3498db;"></span> Unknown
                <span class="color-sample" style="background-color: #95a5a6;"></span> Miss
                <span class="color-sample" style="background-color: #e74c3c;"></span> Hit
                <span class="color-sample" style="background-color: #2c3e50;"></span> Sunk
            </div>
            <div style="margin: 10px 0;">
                <strong>Probability:</strong>
                <span class="color-sample" style="background-color: #64c8ff;"></span> Low
                <span class="color-sample" style="background-color: #64ff64;"></span> Medium
                <span class="color-sample" style="background-color: #ffff00;"></span> High
                <span class="color-sample" style="background-color: #ff6464;"></span> Highest
            </div>
        </div>

        <div style="margin-top: 20px; padding: 10px; background-color: #f9f9f9; border-left: 4px solid #3498db; font-size: 12px; color: #555;">
            <strong>About this visualization:</strong> This shows how the DataGenetics optimal strategy
            plays Battleship. The probability heatmap updates after each move, showing where remaining
            ships are most likely located based on all valid placements.
        </div>
    </div>

    <script>
        const snapshots = [{"move": 0, "attack_board": [[0, 0, 0, 0, 0, 0, 0, 0, 0, 0], [0, 0, 0, 0, 0, 0, 0, 0, 0, 0], [0, 0, 0, 0, 0, 0, 0, 0, 0, 0], [0, 0, 0, 0, 0, 0, 0, 0, 0, 0], [0, 0, 0, 0, 0, 0, 0, 0, 0, 0], [0, 0, 0, 0, 0, 0, 0, 0, 0, 0], [0, 0, 0, 0, 0, 0, 0, 0, 0, 0], [0, 0, 0, 0, 0, 0, 0, 0, 0, 0], [0, 0, 0, 0, 0, 0, 0, 0, 0, 0], [0, 0, 0, 0, 0, 0, 0, 0, 0, 0]], "probability_grid": [[10.0, 15.0, 19.0, 21.0, 22.0, 22.0, 21.0, 19.0, 15.0, 10.0], [15.0, 20.0, 24.0, 26.0, 27.0, 27.0, 26.0, 24.0, 20.0, 15.0], [19.0, 24.0, 28.0, 30.0, 31.0, 31.0, 30.0, 28.0, 24.0, 19.0], [21.0, 26.0, 30.0, 32.0, 33.0, 33.0, 32.0, 30.0, 26.0, 21.0], [22.0, 27.0, 31.0, 33.0, 34.0, 34.0, 33.0, 31.0, 27.0, 22.0], [22.0, 27.0, 31.0, 33.0, 34.0, 34.0, 33.0, 31.0, 27.0, 22.0], [21.0, 26.0, 30.0, 32.0, 33.0, 33.0, 32.0, 30.0, 26.0, 21.0], [19.0, 24.0, 28.0, 30.0, 31.0, 31.0, 30.0, 28.0, 24.0, 19.0], [15.0, 20.0, 24.0, 26.0, 27.0, 27.0, 26.0, 24.0, 20.0, 15.0], [10.0, 15.0, 19.0, 21.0, 22.0, 22.0, 21.0, 19.0, 15.0, 10.0]], "normalized_prob": [[0.0, 0.20833333333333334, 0.375, 0.4583333333333333, 0.5, 0.5, 0.4583333333333333, 0.375, 0.20833333333333334, 0.0], [0.20833333333333334, 0.4166666666666667, 0.5833333333333334, 0.6666666666666666, 0.7083333333333334, 0.7083333333333334, 0.6666666666666666, 0.5833333333333334, 0.4166666666666667, 0.20833333333333334], [0.375, 0.5833333333333334, 0.75, 0.8333333333333334, 0.875, 0.875, 0.8333333333333334, 0.75, 0.5833333333333334, 0.375], [0.4583333333333333, 0.6666666666666666, 0.8333333333333334, 0.9166666666666666, 0.9583333333333334, 0.9583333333333334, 0.9166666666666666, 0.8333333333333334, 0.6666666666666666, 0.4583333333333333], [0.5, 0.7083333333333334, 0.875, 0.9583333333333334, 1.0, 1.0, 0.9583333333333334, 0.875, 0.7083333333333334, 0.5], [0.5, 0.7083333333333334, 0.875, 0.9583333333333334, 1.0, 1.0, 0.9583333333333334, 0.875, 0.7083333333333334, 0.5], [0.4583333333333333, 0.6666666666666666, 0.8333333333333334, 0.9166666666666666, 0.9583333333333334, 0.9583333333333334, 0.9166666666666666, 0.8333333333333334, 0.6666666666666666, 0.4583333333333333], [0.375, 0.5833333333333334, 0.75, 0.8333333333333334, 0.875, 0.875, 0.8333333333333334, 0.75, 0.5833333333333334, 0.375], [0.20833333333333334, 0.4166666666666667, 0.5833333333333334, 0.6666666666666666, 0.7083333333333334, 0.7083333333333334, 0.6666666666666666, 0.5833333333333334, 0.4166666666666667, 0.20833333333333334], [0.0, 0.20833333333333334, 0.375, 0.4583333333333333, 0.5, 0.5, 0.4583333333333333, 0.375, 0.20833333333333334, 0.0]], "action": -1, "result": "start", "ship_sunk": null, "ships_remaining": 5}, {"move": 1, "attack_board": [[0, 0, 0, 0, 0, 0, 0, 0, 0, 0], [0, 0, 0, 0, 0, 0, 0, 0, 0, 0], [0, 0, 0, 0, 0, 0, 0, 0, 0, 0], [0, 0, 0, 0, 0, 0, 0, 0, 0, 0], [0, 0, 0, 0, 1, 0, 0, 0, 0, 0], [0, 0, 0, 0, 0, 0, 0, 0, 0, 0], [0, 0, 0, 0, 0, 0, 0, 0, 0, 0], [0, 0, 0, 0, 0, 0, 0, 0, 0, 0], [0, 0, 0, 0, 0, 0, 0, 0, 0, 0], [0, 0, 0, 0, 0, 0, 0, 0, 0, 0]], "probability_grid": [[10.0, 15.0, 19.0, 21.0, 22.0, 22.0, 21.0, 19.0, 15.0, 10.0], [15.0, 20.0, 24.0, 26.0, 27.0, 27.0, 26.0, 24.0, 20.0, 15.0], [19.0, 24.0, 28.0, 30.0, 31.0, 31.0, 30.0, 28.0, 24.0, 19.0], [21.0, 26.0, 30.0, 32.0, 33.0, 33.0, 32.0, 30.0, 26.0, 21.0], [22.0, 27.0, 31.0, 33.0, 34.0, 34.0, 33.0, 31.0, 27.0, 22.0], [22.0, 27.0, 31.0, 33.0, 34.0, 34.0, 33.0, 31.0, 27.0, 22.0], [21.0, 26.0, 30.0, 32.0, 33.0, 33.0, 32.0, 30.0, 26.0, 21.0], [19.0, 24.0, 28.0, 30.0, 31.0, 31.0, 30.0, 28.0, 24.0, 19.0], [15.0, 20.0, 24.0, 26.0, 27.0, 27.0, 26.0, 24.0, 20.0, 15.0], [10.0, 15.0, 19.0, 21.0, 22.0, 22.0, 21.0, 19.0, 15.0, 10.0]], "normalized_prob": [[0.0, 0.20833333333333334, 0.375, 0.4583333333333333, 0.5, 0.5, 0.4583333333333333, 0.375, 0.20833333333333334, 0.0], [0.20833333333333334, 0.4166666666666667, 0.5833333333333334, 0.6666666666666666, 0.7083333333333334, 0.7083333333333334, 0.6666666666666666, 0.5833333333333334, 0.4166666666666667, 0.20833333333333334], [0.375, 0.5833333333333334, 0.75, 0.8333333333333334, 0.875, 0.875, 0.8333333333333334, 0.75, 0.5833333333333334, 0.375], [0.4583333333333333, 0.6666666666666666, 0.8333333333333334, 0.9166666666666666, 0.9583333333333334, 0.9583333333333334, 0.9166666666666666, 0.8333333333333334, 0.6666666666666666, 0.4583333333333333], [0.5, 0.7083333333333334, 0.875, 0.9583333333333334, 1.0, 1.0, 0.9583333333333334, 0.875, 0.7083333333333334, 0.5], [0.5, 0.7083333333333334, 0.875, 0.9583333333333334, 1.0, 1.0, 0.9583333333333334, 0.875, 0.7083333333333334, 0.5], [0.4583333333333333, 0.6666666666666666, 0.8333333333333334, 0.9166666666666666, 0.9583333333333334, 0.9583333333333334, 0.9166666666666666, 0.8333333333333334, 0.6666666666666666, 0.4583333333333333], [0.375, 0.5833333333333334, 0.75, 0.8333333333333334, 0.875, 0.875, 0.8333333333333334, 0.75, 0.5833333333333334, 0.375], [0.20833333333333334, 0.4166666666666667, 0.5833333333333334, 0.6666666666666666, 0.7083333333333334, 0.7083333333333334, 0.6666666666666666, 0.5833333333333334, 0.4166666666666667, 0.20833333333333334], [0.0, 0.20833333333333334, 0.375, 0.4583333333333333, 0.5, 0.5, 0.4583333333333333, 0.375, 0.20833333333333334, 0.0]], "action": 44, "result": "miss", "ship_sunk": null, "ships_remaining": 0}, {"move": 2, "attack_board": [[0, 0, 0, 0, 0, 0, 0, 0, 0, 0], [0, 0, 0, 0, 0, 0, 0, 0, 0, 0], [0, 0, 0, 0, 0, 0, 0, 0, 0, 0], [0, 0, 0, 0, 0, 0, 0, 0, 0, 0], [0, 0, 0, 0, 1, 0, 0, 0, 0, 0], [0, 0, 0, 0, 0, 1, 0, 0, 0, 0], [0, 0, 0, 0, 0, 0, 0, 0, 0, 0], [0, 0, 0, 0, 0, 0, 0, 0, 0, 0], [0, 0, 0, 0, 0, 0, 0, 0, 0, 0], [0, 0, 0, 0, 0, 0, 0, 0, 0, 0]], "probability_grid": [[10.0, 15.0, 19.0, 21.0, 21.0, 22.0, 21.0, 19.0, 15.0, 10.0], [15.0, 20.0, 24.0, 26.0, 24.0, 27.0, 26.0, 24.0, 20.0, 15.0], [19.0, 24.0, 28.0, 30.0, 24.0, 31.0, 30.0, 28.0, 24.0, 19.0], [21.0, 26.0, 30.0, 32.0, 21.0, 33.0, 32.0, 30.0, 26.0, 21.0], [21.0, 24.0, 24.0, 21.0, 0.0, 22.0, 26.0, 28.0, 26.0, 22.0], [22.0, 27.0, 31.0, 33.0, 22.0, 34.0, 33.0, 31.0, 27.0, 22.0], [21.0, 26.0, 30.0, 32.0, 26.0, 33.0, 32.0, 30.0, 26.0, 21.0], [19.0, 24.0, 28.0, 30.0, 28.0, 31.0, 30.0, 28.0, 24.0, 19.0], [15.0, 20.0, 24.0, 26.0, 26.0, 27.0, 26.0, 24.0, 20.0, 15.0], [10.0, 15.0, 19.0, 21.0, 22.0, 22.0, 21.0, 19.0, 15.0, 10.0]], "normalized_prob": [[0.29411764705882354, 0.4411764705882353, 0.5588235294117647, 0.6176470588235294, 0.6176470588235294, 0.6470588235294118, 0.6176470588235294, 0.5588235294117647, 0.4411764705882353, 0.29411764705882354], [0.4411764705882353, 0.5882352941176471, 0.7058823529411765, 0.7647058823529411, 0.7058823529411765, 0.7941176470588235, 0.7647058823529411, 0.7058823529411765, 0.5882352941176471, 0.4411764705882353], [0.5588235294117647, 0.7058823529411765, 0.8235294117647058, 0.8823529411764706, 0.7058823529411765, 0.9117647058823529, 0.8823529411764706, 0.8235294117647058, 0.7058823529411765, 0.5588235294117647], [0.6176470588235294, 0.7647058823529411, 0.8823529411764706, 0.9411764705882353, 0.6176470588235294, 0.9705882352941176, 0.9411764705882353, 0.8823529411764706, 0.7647058823529411, 0.6176470588235294], [0.6176470588235294, 0.7058823529411765, 0.7058823529411765, 0.6176470588235294, 0.0, 0.6470588235294118, 0.7647058823529411, 0.8235294117647058, 0.7647058823529411, 0.6470588235294118], [0.6470588235294118, 0.7941176470588235, 0.9117647058823529, 0.9705882352941176, 0.6470588235294118, 1.0, 0.9705882352941176, 0.9117647058823529, 0.7941176470588235, 0.6470588235294118], [0.6176470588235294, 0.7647058823529411, 0.8823529411764706, 0.9411764705882353, 0.7647058823529411, 0.9705882352941176, 0.9411764705882353, 0.8823529411764706, 0.7647058823529411, 0.6176470588235294], [0.5588235294117647, 0.7058823529411765, 0.8235294117647058, 0.8823529411764706, 0.8235294117647058, 0.9117647058823529, 0.8823529411764706, 0.8235294117647058, 0.7058823529411765, 0.5588235294117647], [0.4411764705882353, 0.5882352941176471, 0.7058823529411765, 0.7647058823529411, 0.7647058823529411, 0.7941176470588235, 0.7647058823529411, 0.7058823529411765, 0.5882352941176471, 0.4411764705882353], [0.29411764705882354, 0.4411764705882353, 0.5588235294117647, 0.6176470588235294, 0.6470588235294118, 0.6470588235294118, 0.6176470588235294, 0.5588235294117647, 0.4411764705882353, 0.29411764705882354]], "action": 55, "result": "miss", "ship_sunk": null, "ships_remaining": 0}, {"move": 3, "attack_board": [[0, 0, 0, 0, 0, 0, 0, 0, 0, 0], [0, 0, 0, 0, 0, 0, 0, 0, 0, 0], [0, 0, 0, 0, 0, 0, 0, 0, 0, 0], [0, 0, 0, 1, 0, 0, 0, 0, 0, 0], [0, 0, 0, 0, 1, 0, 0, 0, 0, 0], [0, 0, 0, 0, 0, 1, 0, 0, 0, 0], [0, 0, 0, 0, 0, 0, 0, 0, 0, 0], [0, 0, 0, 0, 0, 0, 0, 0, 0, 0], [0, 0, 0, 0, 0, 0, 0, 0, 0, 0], [0, 0, 0, 0, 0, 0, 0, 0, 0, 0]], "probability_grid": [[10.0, 15.0, 19.0, 21.0, 21.0, 22.0, 21.0, 19.0, 15.0, 10.0], [15.0, 20.0, 24.0, 26.0, 24.0, 26.0, 26.0, 24.0, 20.0, 15.0], [19.0, 24.0, 28.0, 30.0, 24.0, 28.0, 30.0, 28.0, 24.0, 19.0], [21.0, 26.0, 30.0, 32.0, 21.0, 26.0, 32.0, 30.0, 26.0, 21.0], [21.0, 24.0, 24.0, 21.0, 0.0, 10.0, 26.0, 28.0, 26.0, 22.0], [22.0, 26.0, 28.0, 26.0, 10.0, 0.0, 21.0, 24.0, 24.0, 21.0], [21.0, 26.0, 30.0, 32.0, 26.0, 21.0, 32.0, 30.0, 26.0, 21.0], [19.0, 24.0, 28.0, 30.0, 28.0, 24.0, 30.0, 28.0, 24.0, 19.0], [15.0, 20.0, 24.0, 26.0, 26.0, 24.0, 26.0, 24.0, 20.0, 15.0], [10.0, 15.0, 19.0, 21.0, 22.0, 21.0, 21.0, 19.0, 15.0, 10.0]], "normalized_prob": [[0.3125, 0.46875, 0.59375, 0.65625, 0.65625, 0.6875, 0.65625, 0.59375, 0.46875, 0.3125], [0.46875, 0.625, 0.75, 0.8125, 0.75, 0.8125, 0.8125, 0.75, 0.625, 0.46875], [0.59375, 0.75, 0.875, 0.9375, 0.75, 0.875, 0.9375, 0.875, 0.75, 0.59375], [0.65625, 0.8125, 0.9375, 1.0, 0.65625, 0.8125, 1.0, 0.9375, 0.8125, 0.65625], [0.65625, 0.75, 0.75, 0.65625, 0.0, 0.3125, 0.8125, 0.875, 0.8125, 0.6875], [0.6875, 0.8125, 0.875, 0.8125, 0.3125, 0.0, 0.65625, 0.75, 0.75, 0.65625], [0.65625, 0.8125, 0.9375, 1.0, 0.8125, 0.65625, 1.0, 0.9375, 0.8125, 0.65625], [0.59375, 0.75, 0.875, 0.9375, 0.875, 0.75, 0.9375, 0.875, 0.75, 0.59375], [0.46875, 0.625, 0.75, 0.8125, 0.8125, 0.75, 0.8125, 0.75, 0.625, 0.46875], [0.3125, 0.46875, 0.59375, 0.65625, 0.6875, 0.65625, 0.65625, 0.59375, 0.46875, 0.3125]], "action": 33, "result": "miss", "ship_sunk": null, "ships_remaining": 0}, {"move": 4, "attack_board": [[0, 0, 0, 0, 0, 0, 0, 0, 0, 0], [0, 0, 0, 0, 0, 0, 0, 0, 0, 0], [0, 0, 0, 0, 0, 0, 0, 0, 0, 0], [0, 0, 0, 1, 0, 0, 0, 0, 0, 0], [0, 0, 0, 0, 1, 0, 0, 0, 0, 0], [0, 0, 0, 0, 0, 1, 0, 0, 0, 0], [0, 0, 0, 0, 0, 0, 2, 0, 0, 0], [0, 0, 0, 0, 0, 0, 0, 0, 0, 0], [0, 0, 0, 0, 0, 0, 0, 0, 0, 0], [0, 0, 0, 0, 0, 0, 0, 0, 0, 0]], "probability_grid": [[10.0, 15.0, 19.0, 19.0, 21.0, 22.0, 21.0, 19.0, 15.0, 10.0], [15.0, 20.0, 24.0, 20.0, 24.0, 26.0, 26.0, 24.0, 20.0, 15.0], [19.0, 24.0, 28.0, 19.0, 24.0, 28.0, 30.0, 28.0, 24.0, 19.0], [19.0, 20.0, 19.0, 0.0, 9.0, 19.0, 29.0, 29.0, 26.0, 21.0], [21.0, 24.0, 24.0, 9.0, 0.0, 10.0, 26.0, 28.0, 26.0, 22.0], [22.0, 26.0, 28.0, 19.0, 10.0, 0.0, 21.0, 24.0, 24.0, 21.0], [21.0, 26.0, 30.0, 29.0, 26.0, 21.0, 32.0, 30.0, 26.0, 21.0], [19.0, 24.0, 28.0, 29.0, 28.0, 24.0, 30.0, 28.0, 24.0, 19.0], [15.0, 20.0, 24.0, 26.0, 26.0, 24.0, 26.0, 24.0, 20.0, 15.0], [10.0, 15.0, 19.0, 21.0, 22.0, 21.0, 21.0, 19.0, 15.0, 10.0]], "normalized_prob": [[0.3125, 0.46875, 0.59375, 0.59375, 0.65625, 0.6875, 0.65625, 0.59375, 0.46875, 0.3125], [0.46875, 0.625, 0.75, 0.625, 0.75, 0.8125, 0.8125, 0.75, 0.625, 0.46875], [0.59375, 0.75, 0.875, 0.59375, 0.75, 0.875, 0.9375, 0.875, 0.75, 0.59375], [0.59375, 0.625, 0.59375, 0.0, 0.28125, 0.59375, 0.90625, 0.90625, 0.8125, 0.65625], [0.65625, 0.75, 0.75, 0.28125, 0.0, 0.3125, 0.8125, 0.875, 0.8125, 0.6875], [0.6875, 0.8125, 0.875, 0.59375, 0.3125, 0.0, 0.65625, 0.75, 0.75, 0.65625], [0.65625, 0.8125, 0.9375, 0.90625, 0.8125, 0.65625, 1.0, 0.9375, 0.8125, 0.65625], [0.59375, 0.75, 0.875, 0.90625, 0.875, 0.75, 0.9375, 0.875, 0.75, 0.59375], [0.46875, 0.625, 0.75, 0.8125, 0.8125, 0.75, 0.8125, 0.75, 0.625, 0.46875], [0.3125, 0.46875, 0.59375, 0.65625, 0.6875, 0.65625, 0.65625, 0.59375, 0.46875, 0.3125]], "action": 66, "result": "hit", "ship_sunk": null, "ships_remaining": 0}, {"move": 5, "attack_board": [[0, 0, 0, 0, 0, 0, 0, 0, 0, 0], [0, 0, 0, 0, 0, 0, 0, 0, 0, 0], [0, 0, 0, 0, 0, 0, 0, 0, 0, 0], [0, 0, 0, 1, 0, 0, 0, 0, 0, 0], [0, 0, 0, 0, 1, 0, 0, 0, 0, 0], [0, 0, 0, 0, 0, 1, 1, 0, 0, 0], [0, 0, 0, 0, 0, 0, 2, 0, 0, 0], [0, 0, 0, 0, 0, 0, 0, 0, 0, 0], [0, 0, 0, 0, 0, 0, 0, 0, 0, 0], [0, 0, 0, 0, 0, 0, 0, 0, 0, 0]], "probability_grid": [[0.0, 0.0, 0.0, 0.0, 0.0, 0.0, 0.0, 0.0, 0.0, 0.0], [0.0, 0.0, 0.0, 0.0, 0.0, 0.0, 0.0, 0.0, 0.0, 0.0], [0.0, 0.0, 0.0, 0.0, 0.0, 0.0, 1.0, 0.0, 0.0, 0.0], [0.0, 0.0, 0.0, 0.0, 0.0, 0.0, 3.0, 0.0, 0.0, 0.0], [0.0, 0.0, 0.0, 0.0, 0.0, 0.0, 7.0, 0.0, 0.0, 0.0], [0.0, 0.0, 0.0, 0.0, 0.0, 0.0, 600.0, 0.0, 0.0, 0.0], [0.0, 0.0, 1.0, 3.0, 7.0, 600.0, 32.0, 550.0, 6.0, 2.0], [0.0, 0.0, 0.0, 0.0, 0.0, 0.0, 550.0, 0.0, 0.0, 0.0], [0.0, 0.0, 0.0, 0.0, 0.0, 0.0, 6.0, 0.0, 0.0, 0.0], [0.0, 0.0, 0.0, 0.0, 0.0, 0.0, 2.0, 0.0, 0.0, 0.0]], "normalized_prob": [[0.0, 0.0, 0.0, 0.0, 0.0, 0.0, 0.0, 0.0, 0.0, 0.0], [0.0, 0.0, 0.0, 0.0, 0.0, 0.0, 0.0, 0.0, 0.0, 0.0], [0.0, 0.0, 0.0, 0.0, 0.0, 0.0, 0.0016666666666666668, 0.0, 0.0, 0.0], [0.0, 0.0, 0.0, 0.0, 0.0, 0.0, 0.005, 0.0, 0.0, 0.0], [0.0, 0.0, 0.0, 0.0, 0.0, 0.0, 0.011666666666666667, 0.0, 0.0, 0.0], [0.0, 0.0, 0.0, 0.0, 0.0, 0.0, 1.0, 0.0, 0.0, 0.0], [0.0, 0.0, 0.0016666666666666668, 0.005, 0.011666666666666667, 1.0, 0.05333333333333334, 0.9166666666666666, 0.01, 0.0033333333333333335], [0.0, 0.0, 0.0, 0.0, 0.0, 0.0, 0.9166666666666666, 0.0, 0.0, 0.0], [0.0, 0.0, 0.0, 0.0, 0.0, 0.0, 0.01, 0.0, 0.0, 0.0], [0.0, 0.0, 0.0, 0.0, 0.0, 0.0, 0.0033333333333333335, 0.0, 0.0, 0.0]], "action": 56, "result": "miss", "ship_sunk": null, "ships_remaining": 0}, {"move": 6, "attack_board": [[0, 0, 0, 0, 0, 0, 0, 0, 0, 0], [0, 0, 0, 0, 0, 0, 0, 0, 0, 0], [0, 0, 0, 0, 0, 0, 0, 0, 0, 0], [0, 0, 0, 1, 0, 0, 0, 0, 0, 0], [0, 0, 0, 0, 1, 0, 0, 0, 0, 0], [0, 0, 0, 0, 0, 1, 1, 0, 0, 0], [0, 0, 0, 0, 0, 2, 2, 0, 0, 0], [0, 0, 0, 0, 0, 0, 0, 0, 0, 0], [0, 0, 0, 0, 0, 0, 0, 0, 0, 0], [0, 0, 0, 0, 0, 0, 0, 0, 0, 0]], "probability_grid": [[0.0, 0.0, 0.0, 0.0, 0.0, 0.0, 0.0, 0.0, 0.0, 0.0], [0.0, 0.0, 0.0, 0.0, 0.0, 0.0, 0.0, 0.0, 0.0, 0.0], [0.0, 0.0, 0.0, 0.0, 0.0, 0.0, 0.0, 0.0, 0.0, 0.0], [0.0, 0.0, 0.0, 0.0, 0.0, 0.0, 0.0, 0.0, 0.0, 0.0], [0.0, 0.0, 0.0, 0.0, 0.0, 0.0, 0.0, 0.0, 0.0, 0.0], [0.0, 0.0, 0.0, 0.0, 0.0, 0.0, 0.0, 0.0, 0.0, 0.0], [0.0, 0.0, 1.0, 3.0, 7.0, 600.0, 20.0, 550.0, 6.0, 2.0], [0.0, 0.0, 0.0, 0.0, 0.0, 0.0, 200.0, 0.0, 0.0, 0.0], [0.0, 0.0, 0.0, 0.0, 0.0, 0.0, 3.0, 0.0, 0.0, 0.0], [0.0, 0.0, 0.0, 0.0, 0.0, 0.0, 1.0, 0.0, 0.0, 0.0]], "normalized_prob": [[0.0, 0.0, 0.0, 0.0, 0.0, 0.0, 0.0, 0.0, 0.0, 0.0], [0.0, 0.0, 0.0, 0.0, 0.0, 0.0, 0.0, 0.0, 0.0, 0.0], [0.0, 0.0, 0.0, 0.0, 0.0, 0.0, 0.0, 0.0, 0.0, 0.0], [0.0, 0.0, 0.0, 0.0, 0.0, 0.0, 0.0, 0.0, 0.0, 0.0], [0.0, 0.0, 0.0, 0.0, 0.0, 0.0, 0.0, 0.0, 0.0, 0.0], [0.0, 0.0, 0.0, 0.0, 0.0, 0.0, 0.0, 0.0, 0.0, 0.0], [0.0, 0.0, 0.0016666666666666668, 0.005, 0.011666666666666667, 1.0, 0.03333333333333333, 0.9166666666666666, 0.01, 0.0033333333333333335], [0.0, 0.0, 0.0, 0.0, 0.0, 0.0, 0.3333333333333333, 0.0, 0.0, 0.0], [0.0, 0.0, 0.0, 0.0, 0.0, 0.0, 0.005, 0.0, 0.0, 0.0], [0.0, 0.0, 0.0, 0.0, 0.0, 0.0, 0.0016666666666666668, 0.0, 0.0, 0.0]], "action": 65, "result": "hit", "ship_sunk": null, "ships_remaining": 0}, {"move": 7, "attack_board": [[0, 0, 0, 0, 0, 0, 0, 0, 0, 0], [0, 0, 0, 0, 0, 0, 0, 0, 0, 0], [0, 0, 0, 0, 0, 0, 0, 0, 0, 0], [0, 0, 0, 1, 0, 0, 0, 0, 0, 0], [0, 0, 0, 0, 1, 0, 0, 0, 0, 0], [0, 0, 0, 0, 0, 1, 1, 0, 0, 0], [0, 0, 0, 0, 2, 2, 2, 0, 0, 0], [0, 0, 0, 0, 0, 0, 0, 0, 0, 0], [0, 0, 0, 0, 0, 0, 0, 0, 0, 0], [0, 0, 0, 0, 0, 0, 0, 0, 0, 0]], "probability_grid": [[0.0, 0.0, 0.0, 0.0, 0.0, 0.0, 0.0, 0.0, 0.0, 0.0], [0.0, 0.0, 0.0, 0.0, 0.0, 0.0, 0.0, 0.0, 0.0, 0.0], [0.0, 0.0, 0.0, 0.0, 0.0, 0.0, 0.0, 0.0, 0.0, 0.0], [0.0, 0.0, 0.0, 0.0, 0.0, 0.0, 0.0, 0.0, 0.0, 0.0], [0.0, 0.0, 0.0, 0.0, 0.0, 0.0, 0.0, 0.0, 0.0, 0.0], [0.0, 0.0, 0.0, 0.0, 0.0, 0.0, 0.0, 0.0, 0.0, 0.0], [0.0, 1.0, 3.0, 7.0, 600.0, 21.0, 20.0, 550.0, 6.0, 2.0], [0.0, 0.0, 0.0, 0.0, 0.0, 200.0, 200.0, 0.0, 0.0, 0.0], [0.0, 0.0, 0.0, 0.0, 0.0, 3.0, 3.0, 0.0, 0.0, 0.0], [0.0, 0.0, 0.0, 0.0, 0.0, 1.0, 1.0, 0.0, 0.0, 0.0]], "normalized_prob": [[0.0, 0.0, 0.0, 0.0, 0.0, 0.0, 0.0, 0.0, 0.0, 0.0], [0.0, 0.0, 0.0, 0.0, 0.0, 0.0, 0.0, 0.0, 0.0, 0.0], [0.0, 0.0, 0.0, 0.0, 0.0, 0.0, 0.0, 0.0, 0.0, 0.0], [0.0, 0.0, 0.0, 0.0, 0.0, 0.0, 0.0, 0.0, 0.0, 0.0], [0.0, 0.0, 0.0, 0.0, 0.0, 0.0, 0.0, 0.0, 0.0, 0.0], [0.0, 0.0, 0.0, 0.0, 0.0, 0.0, 0.0, 0.0, 0.0, 0.0], [0.0, 0.0016666666666666668, 0.005, 0.011666666666666667, 1.0, 0.035, 0.03333333333333333, 0.9166666666666666, 0.01, 0.0033333333333333335], [0.0, 0.0, 0.0, 0.0, 0.0, 0.3333333333333333, 0.3333333333333333, 0.0, 0.0, 0.0], [0.0, 0.0, 0.0, 0.0, 0.0, 0.005, 0.005, 0.0, 0.0, 0.0], [0.0, 0.0, 0.0, 0.0, 0.0, 0.0016666666666666668, 0.0016666666666666668, 0.0, 0.0, 0.0]], "action": 64, "result": "hit", "ship_sunk": null, "ships_remaining": 0}, {"move": 8, "attack_board": [[0, 0, 0, 0, 0, 0, 0, 0, 0, 0], [0, 0, 0, 0, 0, 0, 0, 0, 0, 0], [0, 0, 0, 0, 0, 0, 0, 0, 0, 0], [0, 0, 0, 1, 0, 0, 0, 0, 0, 0], [0, 0, 0, 0, 1, 0, 0, 0, 0, 0], [0, 0, 0, 0, 0, 1, 1, 0, 0, 0], [0, 0, 0, 2, 2, 2, 2, 0, 0, 0], [0, 0, 0, 0, 0, 0, 0, 0, 0, 0], [0, 0, 0, 0, 0, 0, 0, 0, 0, 0], [0, 0, 0, 0, 0, 0, 0, 0, 0, 0]], "probability_grid": [[0.0, 0.0, 0.0, 0.0, 0.0, 0.0, 0.0, 0.0, 0.0, 0.0], [0.0, 0.0, 0.0, 0.0, 0.0, 0.0, 0.0, 0.0, 0.0, 0.0], [0.0, 0.0, 0.0, 0.0, 0.0, 0.0, 0.0, 0.0, 0.0, 0.0], [0.0, 0.0, 0.0, 0.0, 0.0, 0.0, 0.0, 0.0, 0.0, 0.0], [0.0, 0.0, 0.0, 0.0, 0.0, 0.0, 0.0, 0.0, 0.0, 0.0], [0.0, 0.0, 0.0, 0.0, 250.0, 0.0, 0.0, 0.0, 0.0, 0.0], [1.0, 3.0, 7.0, 600.0, 26.0, 21.0, 20.0, 550.0, 6.0, 2.0], [0.0, 0.0, 0.0, 0.0, 400.0, 200.0, 200.0, 0.0, 0.0, 0.0], [0.0, 0.0, 0.0, 0.0, 5.0, 3.0, 3.0, 0.0, 0.0, 0.0], [0.0, 0.0, 0.0, 0.0, 2.0, 1.0, 1.0, 0.0, 0.0, 0.0]], "normalized_prob": [[0.0, 0.0, 0.0, 0.0, 0.0, 0.0, 0.0, 0.0, 0.0, 0.0], [0.0, 0.0, 0.0, 0.0, 0.0, 0.0, 0.0, 0.0, 0.0, 0.0], [0.0, 0.0, 0.0, 0.0, 0.0, 0.0, 0.0, 0.0, 0.0, 0.0], [0.0, 0.0, 0.0, 0.0, 0.0, 0.0, 0.0, 0.0, 0.0, 0.0], [0.0, 0.0, 0.0, 0.0, 0.0, 0.0, 0.0, 0.0, 0.0, 0.0], [0.0, 0.0, 0.0, 0.0, 0.4166666666666667, 0.0, 0.0, 0.0, 0.0, 0.0], [0.0016666666666666668, 0.005, 0.011666666666666667, 1.0, 0.043333333333333335, 0.035, 0.03333333333333333, 0.9166666666666666, 0.01, 0.0033333333333333335], [0.0, 0.0, 0.0, 0.0, 0.6666666666666666, 0.3333333333333333, 0.3333333333333333, 0.0, 0.0, 0.0], [0.0, 0.0, 0.0, 0.0, 0.008333333333333333, 0.005, 0.005, 0.0, 0.0, 0.0], [0.0, 0.0, 0.0, 0.0, 0.0033333333333333335, 0.0016666666666666668, 0.0016666666666666668, 0.0, 0.0, 0.0]], "action": 63, "result": "hit", "ship_sunk": null, "ships_remaining": 0}, {"move": 9, "attack_board": [[0, 0, 0, 0, 0, 0, 0, 0, 0, 0], [0, 0, 0, 0, 0, 0, 0, 0, 0, 0], [0, 0, 0, 0, 0, 0, 0, 0, 0, 0], [0, 0, 0, 1, 0, 0, 0, 0, 0, 0], [0, 0, 0, 0, 1, 0, 0, 0, 0, 0], [0, 0, 0, 0, 0, 1, 1, 0, 0, 0], [0, 0, 1, 2, 2, 2, 2, 0, 0, 0], [0, 0, 0, 0, 0, 0, 0, 0, 0, 0], [0, 0, 0, 0, 0, 0, 0, 0, 0, 0], [0, 0, 0, 0, 0, 0, 0, 0, 0, 0]], "probability_grid": [[0.0, 0.0, 0.0, 0.0, 0.0, 0.0, 0.0, 0.0, 0.0, 0.0], [0.0, 0.0, 0.0, 0.0, 0.0, 0.0, 0.0, 0.0, 0.0, 0.0], [0.0, 0.0, 0.0, 0.0, 0.0, 0.0, 0.0, 0.0, 0.0, 0.0], [0.0, 0.0, 0.0, 0.0, 0.0, 0.0, 0.0, 0.0, 0.0, 0.0], [0.0, 0.0, 0.0, 4.0, 0.0, 0.0, 0.0, 0.0, 0.0, 0.0], [0.0, 0.0, 0.0, 450.0, 250.0, 0.0, 0.0, 0.0, 0.0, 0.0], [2.0, 6.0, 550.0, 29.0, 26.0, 21.0, 20.0, 550.0, 6.0, 2.0], [0.0, 0.0, 0.0, 500.0, 400.0, 200.0, 200.0, 0.0, 0.0, 0.0], [0.0, 0.0, 0.0, 6.0, 5.0, 3.0, 3.0, 0.0, 0.0, 0.0], [0.0, 0.0, 0.0, 2.0, 2.0, 1.0, 1.0, 0.0, 0.0, 0.0]], "normalized_prob": [[0.0, 0.0, 0.0, 0.0, 0.0, 0.0, 0.0, 0.0, 0.0, 0.0], [0.0, 0.0, 0.0, 0.0, 0.0, 0.0, 0.0, 0.0, 0.0, 0.0], [0.0, 0.0, 0.0, 0.0, 0.0, 0.0, 0.0, 0.0, 0.0, 0.0], [0.0, 0.0, 0.0, 0.0, 0.0, 0.0, 0.0, 0.0, 0.0, 0.0], [0.0, 0.0, 0.0, 0.007272727272727273, 0.0, 0.0, 0.0, 0.0, 0.0, 0.0], [0.0, 0.0, 0.0, 0.8181818181818182, 0.45454545454545453, 0.0, 0.0, 0.0, 0.0, 0.0], [0.0036363636363636364, 0.01090909090909091, 1.0, 0.05272727272727273, 0.04727272727272727, 0.038181818181818185, 0.03636363636363636, 1.0, 0.01090909090909091, 0.0036363636363636364], [0.0, 0.0, 0.0, 0.9090909090909091, 0.7272727272727273, 0.36363636363636365, 0.36363636363636365, 0.0, 0.0, 0.0], [0.0, 0.0, 0.0, 0.01090909090909091, 0.00909090909090909, 0.005454545454545455, 0.005454545454545455, 0.0, 0.0, 0.0], [0.0, 0.0, 0.0, 0.0036363636363636364, 0.0036363636363636364, 0.0018181818181818182, 0.0018181818181818182, 0.0, 0.0, 0.0]], "action": 62, "result": "miss", "ship_sunk": null, "ships_remaining": 0}, {"move": 10, "attack_board": [[0, 0, 0, 0, 0, 0, 0, 0, 0, 0], [0, 0, 0, 0, 0, 0, 0, 0, 0, 0], [0, 0, 0, 0, 0, 0, 0, 0, 0, 0], [0, 0, 0, 1, 0, 0, 0, 0, 0, 0], [0, 0, 0, 0, 1, 0, 0, 0, 0, 0], [0, 0, 0, 0, 0, 1, 1, 0, 0, 0], [0, 0, 1, 2, 2, 2, 2, 2, 0, 0], [0, 0, 0, 0, 0, 0, 0, 0, 0, 0], [0, 0, 0, 0, 0, 0, 0, 0, 0, 0], [0, 0, 0, 0, 0, 0, 0, 0, 0, 0]], "probability_grid": [[0.0, 0.0, 0.0, 0.0, 0.0, 0.0, 0.0, 0.0, 0.0, 0.0], [0.0, 0.0, 0.0, 0.0, 0.0, 0.0, 0.0, 0.0, 0.0, 0.0], [0.0, 0.0, 0.0, 0.0, 0.0, 0.0, 0.0, 0.0, 0.0, 0.0], [0.0, 0.0, 0.0, 0.0, 0.0, 0.0, 0.0, 0.0, 0.0, 0.0], [0.0, 0.0, 0.0, 4.0, 0.0, 0.0, 0.0, 0.0, 0.0, 0.0], [0.0, 0.0, 0.0, 450.0, 250.0, 0.0, 0.0, 0.0, 0.0, 0.0], [0.0, 0.0, 0.0, 18.0, 19.0, 18.0, 19.0, 550.0, 6.0, 2.0], [0.0, 0.0, 0.0, 500.0, 400.0, 200.0, 200.0, 0.0, 0.0, 0.0], [0.0, 0.0, 0.0, 6.0, 5.0, 3.0, 3.0, 0.0, 0.0, 0.0], [0.0, 0.0, 0.0, 2.0, 2.0, 1.0, 1.0, 0.0, 0.0, 0.0]], "normalized_prob": [[0.0, 0.0, 0.0, 0.0, 0.0, 0.0, 0.0, 0.0, 0.0, 0.0], [0.0, 0.0, 0.0, 0.0, 0.0, 0.0, 0.0, 0.0, 0.0, 0.0], [0.0, 0.0, 0.0, 0.0, 0.0, 0.0, 0.0, 0.0, 0.0, 0.0], [0.0, 0.0, 0.0, 0.0, 0.0, 0.0, 0.0, 0.0, 0.0, 0.0], [0.0, 0.0, 0.0, 0.007272727272727273, 0.0, 0.0, 0.0, 0.0, 0.0, 0.0], [0.0, 0.0, 0.0, 0.8181818181818182, 0.45454545454545453, 0.0, 0.0, 0.0, 0.0, 0.0], [0.0, 0.0, 0.0, 0.03272727272727273, 0.034545454545454546, 0.03272727272727273, 0.034545454545454546, 1.0, 0.01090909090909091, 0.0036363636363636364], [0.0, 0.0, 0.0, 0.9090909090909091, 0.7272727272727273, 0.36363636363636365, 0.36363636363636365, 0.0, 0.0, 0.0], [0.0, 0.0, 0.0, 0.01090909090909091, 0.00909090909090909, 0.005454545454545455, 0.005454545454545455, 0.0, 0.0, 0.0], [0.0, 0.0, 0.0, 0.0036363636363636364, 0.0036363636363636364, 0.0018181818181818182, 0.0018181818181818182, 0.0, 0.0, 0.0]], "action": 67, "result": "hit", "ship_sunk": "carrier", "ships_remaining": 0}, {"move": 11, "attack_board": [[0, 0, 0, 0, 0, 0, 0, 0, 0, 0], [0, 0, 0, 0, 0, 0, 0, 0, 0, 0], [0, 0, 1, 0, 0, 0, 0, 0, 0, 0], [0, 0, 0, 1, 0, 0, 0, 0, 0, 0], [0, 0, 0, 0, 1, 0, 0, 0, 0, 0], [0, 0, 0, 0, 0, 1, 1, 0, 0, 0], [0, 0, 1, 2, 2, 2, 2, 2, 0, 0], [0, 0, 0, 0, 0, 0, 0, 0, 0, 0], [0, 0, 0, 0, 0, 0, 0, 0, 0, 0], [0, 0, 0, 0, 0, 0, 0, 0, 0, 0]], "probability_grid": [[8.0, 12.0, 15.0, 15.0, 16.0, 16.0, 16.0, 15.0, 12.0, 8.0], [12.0, 16.0, 19.0, 16.0, 19.0, 20.0, 20.0, 19.0, 16.0, 12.0], [15.0, 19.0, 22.0, 15.0, 19.0, 22.0, 22.0, 22.0, 19.0, 15.0], [15.0, 16.0, 14.0, 0.0, 8.0, 16.0, 19.0, 22.0, 20.0, 16.0], [16.0, 19.0, 15.0, 5.0, 0.0, 8.0, 12.0, 18.0, 20.0, 16.0], [16.0, 20.0, 14.0, 9.0, 4.0, 0.0, 0.0, 7.0, 16.0, 15.0], [13.0, 13.0, 0.0, 0.0, 0.0, 0.0, 0.0, 0.0, 13.0, 13.0], [15.0, 19.0, 14.0, 15.0, 15.0, 15.0, 15.0, 14.0, 19.0, 15.0], [12.0, 16.0, 15.0, 16.0, 16.0, 16.0, 16.0, 15.0, 16.0, 12.0], [8.0, 12.0, 14.0, 15.0, 15.0, 15.0, 15.0, 14.0, 12.0, 8.0]], "normalized_prob": [[0.36363636363636365, 0.5454545454545454, 0.6818181818181818, 0.6818181818181818, 0.7272727272727273, 0.7272727272727273, 0.7272727272727273, 0.6818181818181818, 0.5454545454545454, 0.36363636363636365], [0.5454545454545454, 0.7272727272727273, 0.8636363636363636, 0.7272727272727273, 0.8636363636363636, 0.9090909090909091, 0.9090909090909091, 0.8636363636363636, 0.7272727272727273, 0.5454545454545454], [0.6818181818181818, 0.8636363636363636, 1.0, 0.6818181818181818, 0.8636363636363636, 1.0, 1.0, 1.0, 0.8636363636363636, 0.6818181818181818], [0.6818181818181818, 0.7272727272727273, 0.6363636363636364, 0.0, 0.36363636363636365, 0.7272727272727273, 0.8636363636363636, 1.0, 0.9090909090909091, 0.7272727272727273], [0.7272727272727273, 0.8636363636363636, 0.6818181818181818, 0.22727272727272727, 0.0, 0.36363636363636365, 0.5454545454545454, 0.8181818181818182, 0.9090909090909091, 0.7272727272727273], [0.7272727272727273, 0.9090909090909091, 0.6363636363636364, 0.4090909090909091, 0.18181818181818182, 0.0, 0.0, 0.3181818181818182, 0.7272727272727273, 0.6818181818181818], [0.5909090909090909, 0.5909090909090909, 0.0, 0.0, 0.0, 0.0, 0.0, 0.0, 0.5909090909090909, 0.5909090909090909], [0.6818181818181818, 0.8636363636363636, 0.6363636363636364, 0.6818181818181818, 0.6818181818181818, 0.6818181818181818, 0.6818181818181818, 0.6363636363636364, 0.8636363636363636, 0.6818181818181818], [0.5454545454545454, 0.7272727272727273, 0.6818181818181818, 0.7272727272727273, 0.7272727272727273, 0.7272727272727273, 0.7272727272727273, 0.6818181818181818, 0.7272727272727273, 0.5454545454545454], [0.36363636363636365, 0.5454545454545454, 0.6363636363636364, 0.6818181818181818, 0.6818181818181818, 0.6818181818181818, 0.6818181818181818, 0.6363636363636364, 0.5454545454545454, 0.36363636363636365]], "action": 22, "result": "miss", "ship_sunk": null, "ships_remaining": 0}, {"move": 12, "attack_board": [[0, 0, 0, 0, 0, 0, 0, 0, 0, 0], [0, 0, 0, 0, 0, 0, 0, 0, 0, 0], [0, 0, 1, 0, 0, 0, 1, 0, 0, 0], [0, 0, 0, 1, 0, 0, 0, 0, 0, 0], [0, 0, 0, 0, 1, 0, 0, 0, 0, 0], [0, 0, 0, 0, 0, 1, 1, 0, 0, 0], [0, 0, 1, 2, 2, 2, 2, 2, 0, 0], [0, 0, 0, 0, 0, 0, 0, 0, 0, 0], [0, 0, 0, 0, 0, 0, 0, 0, 0, 0], [0, 0, 0, 0, 0, 0, 0, 0, 0, 0]], "probability_grid": [[8.0, 12.0, 12.0, 15.0, 16.0, 16.0, 16.0, 15.0, 12.0, 8.0], [12.0, 16.0, 12.0, 16.0, 19.0, 20.0, 20.0, 19.0, 16.0, 12.0], [12.0, 12.0, 0.0, 7.0, 15.0, 21.0, 22.0, 22.0, 19.0, 15.0], [15.0, 16.0, 6.0, 0.0, 8.0, 16.0, 19.0, 22.0, 20.0, 16.0], [16.0, 19.0, 11.0, 5.0, 0.0, 8.0, 12.0, 18.0, 20.0, 16.0], [16.0, 20.0, 13.0, 9.0, 4.0, 0.0, 0.0, 7.0, 16.0, 15.0], [13.0, 13.0, 0.0, 0.0, 0.0, 0.0, 0.0, 0.0, 13.0, 13.0], [15.0, 19.0, 14.0, 15.0, 15.0, 15.0, 15.0, 14.0, 19.0, 15.0], [12.0, 16.0, 15.0, 16.0, 16.0, 16.0, 16.0, 15.0, 16.0, 12.0], [8.0, 12.0, 14.0, 15.0, 15.0, 15.0, 15.0, 14.0, 12.0, 8.0]], "normalized_prob": [[0.36363636363636365, 0.5454545454545454, 0.5454545454545454, 0.6818181818181818, 0.7272727272727273, 0.7272727272727273, 0.7272727272727273, 0.6818181818181818, 0.5454545454545454, 0.36363636363636365], [0.5454545454545454, 0.7272727272727273, 0.5454545454545454, 0.7272727272727273, 0.8636363636363636, 0.9090909090909091, 0.9090909090909091, 0.8636363636363636, 0.7272727272727273, 0.5454545454545454], [0.5454545454545454, 0.5454545454545454, 0.0, 0.3181818181818182, 0.6818181818181818, 0.9545454545454546, 1.0, 1.0, 0.8636363636363636, 0.6818181818181818], [0.6818181818181818, 0.7272727272727273, 0.2727272727272727, 0.0, 0.36363636363636365, 0.7272727272727273, 0.8636363636363636, 1.0, 0.9090909090909091, 0.7272727272727273], [0.7272727272727273, 0.8636363636363636, 0.5, 0.22727272727272727, 0.0, 0.36363636363636365, 0.5454545454545454, 0.8181818181818182, 0.9090909090909091, 0.7272727272727273], [0.7272727272727273, 0.9090909090909091, 0.5909090909090909, 0.4090909090909091, 0.18181818181818182, 0.0, 0.0, 0.3181818181818182, 0.7272727272727273, 0.6818181818181818], [0.5909090909090909, 0.5909090909090909, 0.0, 0.0, 0.0, 0.0, 0.0, 0.0, 0.5909090909090909, 0.5909090909090909], [0.6818181818181818, 0.8636363636363636, 0.6363636363636364, 0.6818181818181818, 0.6818181818181818, 0.6818181818181818, 0.6818181818181818, 0.6363636363636364, 0.8636363636363636, 0.6818181818181818], [0.5454545454545454, 0.7272727272727273, 0.6818181818181818, 0.7272727272727273, 0.7272727272727273, 0.7272727272727273, 0.7272727272727273, 0.6818181818181818, 0.7272727272727273, 0.5454545454545454], [0.36363636363636365, 0.5454545454545454, 0.6363636363636364, 0.6818181818181818, 0.6818181818181818, 0.6818181818181818, 0.6818181818181818, 0.6363636363636364, 0.5454545454545454, 0.36363636363636365]], "action": 26, "result": "miss", "ship_sunk": null, "ships_remaining": 0}, {"move": 13, "attack_board": [[0, 0, 0, 0, 0, 0, 0, 0, 0, 0], [0, 0, 0, 0, 0, 0, 0, 0, 0, 0], [0, 0, 1, 0, 0, 0, 1, 0, 0, 0], [0, 0, 0, 1, 0, 0, 0, 1, 0, 0], [0, 0, 0, 0, 1, 0, 0, 0, 0, 0], [0, 0, 0, 0, 0, 1, 1, 0, 0, 0], [0, 0, 1, 2, 2, 2, 2, 2, 0, 0], [0, 0, 0, 0, 0, 0, 0, 0, 0, 0], [0, 0, 0, 0, 0, 0, 0, 0, 0, 0], [0, 0, 0, 0, 0, 0, 0, 0, 0, 0]], "probability_grid": [[8.0, 12.0, 12.0, 15.0, 16.0, 16.0, 13.0, 15.0, 12.0, 8.0], [12.0, 16.0, 12.0, 16.0, 19.0, 20.0, 13.0, 19.0, 16.0, 12.0], [12.0, 12.0, 0.0, 6.0, 11.0, 13.0, 0.0, 14.0, 15.0, 14.0], [15.0, 16.0, 6.0, 0.0, 8.0, 16.0, 12.0, 22.0, 20.0, 16.0], [16.0, 19.0, 11.0, 5.0, 0.0, 8.0, 9.0, 18.0, 20.0, 16.0], [16.0, 20.0, 13.0, 9.0, 4.0, 0.0, 0.0, 7.0, 16.0, 15.0], [13.0, 13.0, 0.0, 0.0, 0.0, 0.0, 0.0, 0.0, 13.0, 13.0], [15.0, 19.0, 14.0, 15.0, 15.0, 15.0, 15.0, 14.0, 19.0, 15.0], [12.0, 16.0, 15.0, 16.0, 16.0, 16.0, 16.0, 15.0, 16.0, 12.0], [8.0, 12.0, 14.0, 15.0, 15.0, 15.0, 15.0, 14.0, 12.0, 8.0]], "normalized_prob": [[0.36363636363636365, 0.5454545454545454, 0.5454545454545454, 0.6818181818181818, 0.7272727272727273, 0.7272727272727273, 0.5909090909090909, 0.6818181818181818, 0.5454545454545454, 0.36363636363636365], [0.5454545454545454, 0.7272727272727273, 0.5454545454545454, 0.7272727272727273, 0.8636363636363636, 0.9090909090909091, 0.5909090909090909, 0.8636363636363636, 0.7272727272727273, 0.5454545454545454], [0.5454545454545454, 0.5454545454545454, 0.0, 0.2727272727272727, 0.5, 0.5909090909090909, 0.0, 0.6363636363636364, 0.6818181818181818, 0.6363636363636364], [0.6818181818181818, 0.7272727272727273, 0.2727272727272727, 0.0, 0.36363636363636365, 0.7272727272727273, 0.5454545454545454, 1.0, 0.9090909090909091, 0.7272727272727273], [0.7272727272727273, 0.8636363636363636, 0.5, 0.22727272727272727, 0.0, 0.36363636363636365, 0.4090909090909091, 0.8181818181818182, 0.9090909090909091, 0.7272727272727273], [0.7272727272727273, 0.9090909090909091, 0.5909090909090909, 0.4090909090909091, 0.18181818181818182, 0.0, 0.0, 0.3181818181818182, 0.7272727272727273, 0.6818181818181818], [0.5909090909090909, 0.5909090909090909, 0.0, 0.0, 0.0, 0.0, 0.0, 0.0, 0.5909090909090909, 0.5909090909090909], [0.6818181818181818, 0.8636363636363636, 0.6363636363636364, 0.6818181818181818, 0.6818181818181818, 0.6818181818181818, 0.6818181818181818, 0.6363636363636364, 0.8636363636363636, 0.6818181818181818], [0.5454545454545454, 0.7272727272727273, 0.6818181818181818, 0.7272727272727273, 0.7272727272727273, 0.7272727272727273, 0.7272727272727273, 0.6818181818181818, 0.7272727272727273, 0.5454545454545454], [0.36363636363636365, 0.5454545454545454, 0.6363636363636364, 0.6818181818181818, 0.6818181818181818, 0.6818181818181818, 0.6818181818181818, 0.6363636363636364, 0.5454545454545454, 0.36363636363636365]], "action": 37, "result": "miss", "ship_sunk": null, "ships_remaining": 0}, {"move": 14, "attack_board": [[0, 0, 0, 0, 0, 0, 0, 0, 0, 0], [0, 0, 0, 0, 0, 1, 0, 0, 0, 0], [0, 0, 1, 0, 0, 0, 1, 0, 0, 0], [0, 0, 0, 1, 0, 0, 0, 1, 0, 0], [0, 0, 0, 0, 1, 0, 0, 0, 0, 0], [0, 0, 0, 0, 0, 1, 1, 0, 0, 0], [0, 0, 1, 2, 2, 2, 2, 2, 0, 0], [0, 0, 0, 0, 0, 0, 0, 0, 0, 0], [0, 0, 0, 0, 0, 0, 0, 0, 0, 0], [0, 0, 0, 0, 0, 0, 0, 0, 0, 0]], "probability_grid": [[8.0, 12.0, 12.0, 15.0, 16.0, 16.0, 13.0, 14.0, 12.0, 8.0], [12.0, 16.0, 12.0, 16.0, 19.0, 20.0, 13.0, 15.0, 16.0, 12.0], [12.0, 12.0, 0.0, 6.0, 11.0, 13.0, 0.0, 6.0, 15.0, 14.0], [15.0, 16.0, 6.0, 0.0, 7.0, 12.0, 4.0, 0.0, 13.0, 13.0], [16.0, 19.0, 11.0, 5.0, 0.0, 8.0, 9.0, 11.0, 20.0, 16.0], [16.0, 20.0, 13.0, 9.0, 4.0, 0.0, 0.0, 4.0, 16.0, 15.0], [13.0, 13.0, 0.0, 0.0, 0.0, 0.0, 0.0, 0.0, 13.0, 13.0], [15.0, 19.0, 14.0, 15.0, 15.0, 15.0, 15.0, 14.0, 19.0, 15.0], [12.0, 16.0, 15.0, 16.0, 16.0, 16.0, 16.0, 15.0, 16.0, 12.0], [8.0, 12.0, 14.0, 15.0, 15.0, 15.0, 15.0, 14.0, 12.0, 8.0]], "normalized_prob": [[0.4, 0.6, 0.6, 0.75, 0.8, 0.8, 0.65, 0.7, 0.6, 0.4], [0.6, 0.8, 0.6, 0.8, 0.95, 1.0, 0.65, 0.75, 0.8, 0.6], [0.6, 0.6, 0.0, 0.3, 0.55, 0.65, 0.0, 0.3, 0.75, 0.7], [0.75, 0.8, 0.3, 0.0, 0.35, 0.6, 0.2, 0.0, 0.65, 0.65], [0.8, 0.95, 0.55, 0.25, 0.0, 0.4, 0.45, 0.55, 1.0, 0.8], [0.8, 1.0, 0.65, 0.45, 0.2, 0.0, 0.0, 0.2, 0.8, 0.75], [0.65, 0.65, 0.0, 0.0, 0.0, 0.0, 0.0, 0.0, 0.65, 0.65], [0.75, 0.95, 0.7, 0.75, 0.75, 0.75, 0.75, 0.7, 0.95, 0.75], [0.6, 0.8, 0.75, 0.8, 0.8, 0.8, 0.8, 0.75, 0.8, 0.6], [0.4, 0.6, 0.7, 0.75, 0.75, 0.75, 0.75, 0.7, 0.6, 0.4]], "action": 15, "result": "miss", "ship_sunk": null, "ships_remaining": 0}, {"move": 15, "attack_board": [[0, 0, 0, 0, 0, 0, 0, 0, 0, 0], [0, 0, 0, 0, 0, 1, 0, 0, 0, 0], [0, 0, 1, 0, 0, 0, 1, 0, 0, 0], [0, 0, 0, 1, 0, 0, 0, 1, 0, 0], [0, 0, 0, 0, 1, 0, 0, 0, 1, 0], [0, 0, 0, 0, 0, 1, 1, 0, 0, 0], [0, 0, 1, 2, 2, 2, 2, 2, 0, 0], [0, 0, 0, 0, 0, 0, 0, 0, 0, 0], [0, 0, 0, 0, 0, 0, 0, 0, 0, 0], [0, 0, 0, 0, 0, 0, 0, 0, 0, 0]], "probability_grid": [[8.0, 12.0, 12.0, 15.0, 16.0, 12.0, 13.0, 14.0, 12.0, 8.0], [12.0, 16.0, 11.0, 12.0, 11.0, 0.0, 5.0, 11.0, 15.0, 12.0], [12.0, 12.0, 0.0, 6.0, 11.0, 6.0, 0.0, 6.0, 15.0, 14.0], [15.0, 16.0, 6.0, 0.0, 7.0, 8.0, 4.0, 0.0, 13.0, 13.0], [16.0, 19.0, 11.0, 5.0, 0.0, 7.0, 9.0, 11.0, 20.0, 16.0], [16.0, 20.0, 13.0, 9.0, 4.0, 0.0, 0.0, 4.0, 16.0, 15.0], [13.0, 13.0, 0.0, 0.0, 0.0, 0.0, 0.0, 0.0, 13.0, 13.0], [15.0, 19.0, 14.0, 15.0, 15.0, 15.0, 15.0, 14.0, 19.0, 15.0], [12.0, 16.0, 15.0, 16.0, 16.0, 16.0, 16.0, 15.0, 16.0, 12.0], [8.0, 12.0, 14.0, 15.0, 15.0, 15.0, 15.0, 14.0, 12.0, 8.0]], "normalized_prob": [[0.4,